header: 
  seq: 0
  stamp: 
    secs: 0
    nsecs:         0
  frame_id: long_camera
height: 1080
width: 1920
distortion_model: plumb_bob
D: [0.0, 0.0, 0.0, 0.0, 0.0]
K: [1461.317641253868, 0.0, 650.5533608051251, 0.0, 1447.137849649878, 355.3033160801929, 0.0, 0.0, 1.0]
R: [1.0, 0.0, 0.0, 0.0, 1.0, 0.0, 0.0, 0.0, 1.0]
binning_x: 0
binning_y: 0
roi: 
  x_offset: 0
  y_offset: 0
  height: 0
  width: 0
  do_rectify: False
