header: 
  seq: 0
  stamp: 
    secs: 0
    nsecs: 0
  frame_id: short_camera
height: 1280
width: 720
distortion_model: plumb_bob
D: [0.0, 0.0, 0.0, 0.0, 0.0]
K: [455.7047284284406, 0.0, 647.9473133566629, 0.0, 451.5286392601823, 354.2331813445593, 0.0, 0.0, 1.0]
R: [1.0, 0.0, 0.0, 0.0, 1.0, 0.0, 0.0, 0.0, 1.0]
binning_x: 0
binning_y: 0
roi: 
  x_offset: 0
  y_offset: 0
  height: 0
  width: 0
  do_rectify: False
